7.50000000000000
1.55769830511955e-13
3.60894057854355e-14
0.240000000000000
0.549999950000000
0.300000000000000
0.549999950000000
0.300000000000000
0.300000000000000
3.47971521910231e-13
6.09999999999951
2.23480067789853e-13
0.359999999999964
0.180000000000000
0.549999950000000
0.300000000000000
0.549999950000000
0.300000000000000
0.300000000000000
1.01039947077357e-13
0.859999999999559
0.106461945350362
0.191999999999942
0.0960000000000000
0.549999950000000
0.300000000000000
0.549999950000000
0.300000000000000
0.300000000000000
9.65799806299181e-14
8.19999999999956
0.201399725822965
0.0219671402285968
0.423423482129450
1.08045288730786e-12
3.32290743737151e-13
1.06060249249007e-13
8.09464828334134e-12
0.418844522638108
4.25299715838032e-14
1.09899999998419
1.43405695423132e-13
0.0334497439062599
1.02901845599038e-13
5.09721199408553e-14
4.34540410451983e-13
3.15233575612568e-13
0.130651616172620
0.0356523349173636
4.92670172508150e-14
2.09999999998419
0.0304659545787662
0.0309947952704805
0.0824255489592915
4.71048932179257e-14
0.0238039691909323
5.35139368346915e-14
1.12188762554040e-12
0.134218821832082
2.45758629866190e-13
2.24950262749127
5.56906756187090e-14
3.86412923302755e-14
0.300163509540984
9.31795435199486e-14
8.64021278039315e-14
8.31685371262484e-14
6.47729712632721e-14
0.165568162054821
0.000252114364359457
3.87717400813828e-13
6.43467425509801e-14
0.0495748278575975
3.91667099529254e-14
0.00341843431086585
4.41529278700954e-14
9.31814747840814e-14
0.221536915004998
0.224418601093110
6.17319175221168e-14
0.900000000000388
2.13051855819238e-14
0.00247415191153275
0.212120516800848
2.08152509581160e-13
0.0109081909029432
8.77652460753510e-14
0.0366433700675332
0.0160024536478558
3.91387355392498e-14
0.170000000000262
0.00494045629590964
7.17337235075509e-15
0.00225409967452022
1.09671418161590e-13
5.51705060242809e-14
4.70923811633687e-14
0.00904024636389700
0.0251652915071794
3.82432922624913e-14
0.775348690000000
-0.000122476133477300
-0.0703482152508343
0.000773416123716800
0.00911401355982692
0.00907193135485254
1.20823563865680e-05
0.000167270670756330
5.55573808942058e-07
0.000442653289572610
1.09899999998418
0.0588155028273005
0.0624999340525358
1.02900804227464e-13
5.71514007911980e-14
0.398062363424503
1.88913160643767e-13
1.72565380078907e-13
0.111617203571823
0.0593406887741563
2.09999999998418
1.78888165356524e-12
3.89114775080645e-14
0.0104029373598075
5.95279593461724e-14
8.94459807652813e-14
1.43161239731941e-12
0.117934895601010
8.34224616301043e-14
1.02593991578435e-13
1.40000000000078
0.0105891911100539
0.0123178995075933
0.292391194776071
0.0513644540670715
0.0911636597831726
9.57324545445993e-14
6.51523083985646e-14
0.148578674411367
3.90522749891041e-14
4.59630720990918e-13
1.86205176915548e-14
0.0526108815776702
0.0116285738404741
9.49212581159530e-14
2.44257900520359e-14
6.63505585394514e-14
7.88921786749167e-14
0.187842118670018
2.99556131576274e-14
0.900000000000460
1.56117972603427e-14
5.01718222641226e-12
0.185122003435201
5.84741308528409e-14
1.23438826579559e-13
3.72906891032390e-14
0.0260672110278639
1.38870483716713e-12
4.48410083156550e-14
0.170000000000180
0.00351120435435754
1.19930803190971e-14
0.0258184052792187
1.07459758135633e-13
6.03601331105395e-14
3.32254453802121e-14
0.0571860888570610
0.0173236099700157
2.89426240930994e-14
0.775348690000000
-0.000122476133477300
-0.0703482152508343
0.000773416123716800
0.00911401355982692
0.00907193135485254
1.20823563865680e-05
0.000167270670756330
5.55573808942058e-07
0.000442653289572610
0.333279842364596
3.84686995042164e-14
0.0204197097360611
1.03259903248777e-13
4.14481763047598e-13
0.599999999999714
1.25921737857388e-13
0.407434451516516
0.180484525162360
5.16299123626387e-14
1.14499305643562
0.0153174013063271
4.92295949249495e-14
0.0318298202961122
5.32262659449793e-13
4.39485299921568e-13
5.02449796728354e-14
2.99564394518174e-12
0.119587109393506
0.341823145155505